<?xml version="1.0" encoding="UTF-8" standalone="no" ?>
<COLLADA xmlns="http://www.collada.org/2005/11/COLLADASchema" version="1.4.1">
    <asset>
        <contributor>
            <authoring_tool>SketchUp 15.3.331</authoring_tool>
        </contributor>
        <created>2015-10-28T18:20:36Z</created>
        <modified>2015-10-28T18:20:36Z</modified>
        <unit meter="0.0254" name="inch" />
        <up_axis>Z_UP</up_axis>
    </asset>
    <library_visual_scenes>
        <visual_scene id="ID1">
            <node name="SketchUp">
                <node id="skp_camera" name="Last Saved SketchUp View">
                    <lookat>-10067.51 -583.7164 3482.829 -9029.748 -539.1737 3239.26 0.2280876 0.009789973 0.9735914</lookat>
                </node>
                <node id="ID2" name="group_0">
                    <matrix>1 0 0 0 0 1 0 0 0 0 1 0 0 0 0 1</matrix>
                    <node id="ID3" name="group_1">
                        <matrix>1 0 0 -1481.598 0 1 0 -1657.006 0 0 1 158.5697 0 0 0 1</matrix>
                        <node id="ID4" name="instance_0">
                            <matrix>1 -3.660497e-017 1.387779e-016 1416.798 1.430868e-016 0.3297082 -0.9440829 1685.523 -1.119809e-017 0.9440829 0.3297082 1657.476 0 0 0 1</matrix>
                            <instance_node url="#ID5" />
                        </node>
                        <node id="ID18" name="instance_1">
                            <matrix>1 1.547211e-016 0 1416.798 -5.101281e-017 0.3297082 -0.9440829 2985.48 -1.460695e-016 0.9440829 0.3297082 1204.153 0 0 0 1</matrix>
                            <instance_node url="#ID5" />
                        </node>
                        <node id="ID19" name="instance_2">
                            <matrix>-0.4909847 -0.2872313 0.822455 1484.362 0.8711682 -0.1618817 0.4635303 1579.35 2.258721e-012 0.9440829 0.3297082 1657.476 0 0 0 1</matrix>
                            <instance_node url="#ID5" />
                        </node>
                        <node id="ID20" name="instance_3">
                            <matrix>-0.4909847 -0.2872313 0.822455 351.8811 0.8711682 -0.1618817 0.4635303 941.0913 2.258721e-012 0.9440829 0.3297082 1204.153 0 0 0 1</matrix>
                            <instance_node url="#ID5" />
                        </node>
                        <node id="ID21" name="instance_4">
                            <matrix>-0.5077281 0.2840494 -0.8133438 1543.228 -0.8615174 -0.1674021 0.4793374 1691.07 -2.519734e-012 0.9440829 0.3297082 1657.476 0 0 0 1</matrix>
                            <instance_node url="#ID5" />
                        </node>
                        <node id="ID22" name="instance_5">
                            <matrix>-0.5077281 0.2840494 -0.8133438 2663.164 -0.8615174 -0.1674021 0.4793374 1031.045 -2.519734e-012 0.9440829 0.3297082 1204.153 0 0 0 1</matrix>
                            <instance_node url="#ID5" />
                        </node>
                        <node id="ID23" name="instance_6">
                            <matrix>-0.8637516 0.5039179 -1.287055e-008 1608.979 -0.5039179 -0.8637516 -7.50886e-009 2141.161 -1.49008e-008 -9.040279e-014 1 -1.778645 0 0 0 1</matrix>
                            <instance_node url="#ID24" />
                        </node>
                        <node id="ID72" name="instance_7">
                            <matrix>5.551115e-017 1 -8.876788e-013 1416.798 -1 5.551115e-017 6.651901e-013 1716.975 6.651901e-013 8.876788e-013 1 248.5443 0 0 0 1</matrix>
                            <instance_node url="#ID5" />
                        </node>
                        <node id="ID73" name="instance_8">
                            <matrix>-0.8637516 0.5039179 1.497286e-013 2736.577 -0.5039179 -0.8637516 1.328853e-013 2776.668 1.962915e-013 3.932898e-014 1 1846.846 0 0 0 1</matrix>
                            <instance_node url="#ID24" />
                        </node>
                        <node id="ID74" name="instance_9">
                            <matrix>-0.7075822 0.7066311 -1.306774e-012 2609.257 -0.4128077 -0.4133633 0.811616 1090.747 0.5735131 0.574285 0.5841913 1222.918 0 0 0 1</matrix>
                            <instance_node url="#ID5" />
                        </node>
                        <node id="ID75" name="instance_10">
                            <matrix>-0.9302697 0.3668765 -8.165707e-014 1681.039 -0.3668765 -0.9302697 3.345127e-014 2106.537 -6.369061e-014 6.107676e-014 1 2769.921 0 0 0 1</matrix>
                            <instance_node url="#ID24" />
                        </node>
                        <node id="ID76" name="instance_11">
                            <matrix>-0.01222018 0.7066311 -0.7074767 2530.078 -0.8186243 -0.4133633 -0.3987293 1053.159 -0.5741994 0.574285 0.5835167 1293.289 0 0 0 1</matrix>
                            <instance_node url="#ID5" />
                        </node>
                        <node id="ID77" name="instance_12">
                            <matrix>-0.01222018 0.7066311 -0.7074767 1402.48 -0.8186243 -0.4133633 -0.3987293 3007.904 -0.5741994 0.574285 0.5835167 1309.097 0 0 0 1</matrix>
                            <instance_node url="#ID5" />
                        </node>
                        <node id="ID78" name="instance_13">
                            <matrix>-0.01222018 0.7066311 -0.7074767 1402.48 -0.8186243 -0.4133633 -0.3987293 1712.778 -0.5741994 0.574285 0.5835167 376.8807 0 0 0 1</matrix>
                            <instance_node url="#ID5" />
                        </node>
                        <node id="ID79" name="instance_14">
                            <matrix>-0.01222018 0.7066311 -0.7074767 2530.078 -0.8186243 -0.4133633 -0.3987293 2348.285 -0.5741994 0.574285 0.5835167 2225.505 0 0 0 1</matrix>
                            <instance_node url="#ID5" />
                        </node>
                        <node id="ID80" name="instance_15">
                            <matrix>-0.7075822 0.7066311 -1.306774e-012 1481.659 -0.4128077 -0.4133633 0.811616 1750.367 0.5735131 0.574285 0.5841913 306.5097 0 0 0 1</matrix>
                            <instance_node url="#ID5" />
                        </node>
                        <node id="ID81" name="instance_16">
                            <matrix>-0.8637516 0.5039179 -1.287055e-008 481.3811 -0.5039179 -0.8637516 -7.50886e-009 1495.996 -1.49008e-008 -9.040279e-014 1 921.2964 0 0 0 1</matrix>
                            <instance_node url="#ID24" />
                        </node>
                        <node id="ID82" name="instance_17">
                            <matrix>-0.7075822 1.899869e-012 0.7066311 1562.123 -0.4128077 -0.811616 -0.4133633 1716.065 0.5735131 -0.5841913 0.574285 381.0928 0 0 0 1</matrix>
                            <instance_node url="#ID5" />
                        </node>
                        <node id="ID83" name="instance_18">
                            <matrix>-0.7075822 0.7066311 -1.306774e-012 354.0616 -0.4128077 -0.4133633 0.811616 1105.202 0.5735131 0.574285 0.5841913 1229.585 0 0 0 1</matrix>
                            <instance_node url="#ID5" />
                        </node>
                        <node id="ID84" name="instance_19">
                            <matrix>-0.7075822 0.7066311 -1.306774e-012 1481.659 -0.4128077 -0.4133633 0.811616 445.5824 0.5735131 0.574285 0.5841913 2145.993 0 0 0 1</matrix>
                            <instance_node url="#ID5" />
                        </node>
                        <node id="ID85" name="instance_20">
                            <matrix>-0.7075822 1.899869e-012 0.7066311 434.5249 -0.4128077 -0.811616 -0.4133633 1070.9 0.5735131 -0.5841913 0.574285 1304.168 0 0 0 1</matrix>
                            <instance_node url="#ID5" />
                        </node>
                        <node id="ID86" name="instance_21">
                            <matrix>-0.7075822 1.899869e-012 0.7066311 434.5249 -0.4128077 -0.811616 -0.4133633 2366.027 0.5735131 -0.5841913 0.574285 2236.384 0 0 0 1</matrix>
                            <instance_node url="#ID5" />
                        </node>
                        <node id="ID87" name="instance_22">
                            <matrix>-0.5049296 0.8631605 8.980316e-014 2482.382 -0.8631605 -0.5049296 1.310063e-014 1481.69 5.665222e-014 -7.089965e-014 1 914.6297 0 0 0 1</matrix>
                            <instance_node url="#ID24" />
                        </node>
                        <node id="ID88" name="instance_23">
                            <matrix>-0.5049296 0.8631605 8.980316e-014 1354.784 -0.8631605 -0.5049296 1.310063e-014 3436.436 5.665222e-014 -7.089965e-014 1 930.4375 0 0 0 1</matrix>
                            <instance_node url="#ID89" />
                        </node>
                        <node id="ID137" name="instance_24">
                            <matrix>0.8038569 0.5948228 0 986.4652 -0.5948228 0.8038569 0 1580.492 0 -0 1 1380.819 0 0 0 1</matrix>
                            <instance_node url="#ID24" />
                        </node>
                        <node id="ID138" name="instance_25">
                            <matrix>5.551115e-017 1 -8.876788e-013 1416.798 -1 5.551115e-017 6.651901e-013 1716.975 6.651901e-013 8.876788e-013 1 1649.071 0 0 0 1</matrix>
                            <instance_node url="#ID5" />
                        </node>
                        <node id="ID139" name="instance_26">
                            <matrix>-0.5049296 0.8631605 6.159558e-009 227.1862 -0.8631605 -0.5049296 1.052977e-008 2791.271 1.219902e-008 1.035526e-013 1 1853.513 0 0 0 1</matrix>
                            <instance_node url="#ID24" />
                        </node>
                        <node id="ID140" name="instance_27">
                            <matrix>-0.7075822 1.899869e-012 0.7066311 1562.123 -0.4128077 -0.811616 -0.4133633 3011.192 0.5735131 -0.5841913 0.574285 1313.309 0 0 0 1</matrix>
                            <instance_node url="#ID5" />
                        </node>
                        <node id="ID141" name="instance_28">
                            <matrix>-0.9302697 0.3668765 -8.165707e-014 1681.039 -0.3668765 -0.9302697 3.345127e-014 811.4111 -6.369061e-014 6.107676e-014 1 1837.705 0 0 0 1</matrix>
                            <instance_node url="#ID24" />
                        </node>
                    </node>
                    <node id="ID142" name="group_2">
                        <matrix>1 0 0 -1814.791 0 1 0 -1181.135 0 0 1 0 0 0 0 1</matrix>
                        <node id="ID143" name="instance_29">
                            <matrix>1 0 0 1596.391 0 1 0 1694.135 0 0 1 0 0 0 0 1</matrix>
                            <instance_node url="#ID144" />
                        </node>
                        <node id="ID163" name="instance_30">
                            <matrix>-0.4986316 -0.866814 0 1479.017 0.866814 -0.4986316 0 736.0245 0 0 1 0 0 0 0 1</matrix>
                            <instance_node url="#ID144" />
                        </node>
                        <node id="ID164" name="instance_31">
                            <matrix>-0.5043422 0.8635039 0 2367.917 -0.8635039 -0.5043422 0 1110.996 0 0 1 0 0 0 0 1</matrix>
                            <instance_node url="#ID144" />
                        </node>
                        <node id="ID165" name="instance_32">
                            <matrix>1 0 0 1301.791 0 1 0 668.1347 0 0 1 0 0 0 0 1</matrix>
                            <instance_node url="#ID166" />
                        </node>
                    </node>
                </node>
            </node>
        </visual_scene>
    </library_visual_scenes>
    <library_nodes>
        <node id="ID5" name="buis">
            <instance_geometry url="#ID6">
                <bind_material>
                    <technique_common>
                        <instance_material symbol="Material2" target="#ID7">
                            <bind_vertex_input semantic="UVSET0" input_semantic="TEXCOORD" input_set="0" />
                        </instance_material>
                        <instance_material symbol="Material3" target="#ID13">
                            <bind_vertex_input semantic="UVSET0" input_semantic="TEXCOORD" input_set="0" />
                        </instance_material>
                        <instance_material symbol="Material4" target="#ID14">
                            <bind_vertex_input semantic="UVSET0" input_semantic="TEXCOORD" input_set="0" />
                        </instance_material>
                    </technique_common>
                </bind_material>
            </instance_geometry>
        </node>
        <node id="ID24" name="Bol">
            <instance_geometry url="#ID25">
                <bind_material>
                    <technique_common>
                        <instance_material symbol="Material2" target="#ID7">
                            <bind_vertex_input semantic="UVSET0" input_semantic="TEXCOORD" input_set="0" />
                        </instance_material>
                        <instance_material symbol="Material3" target="#ID27">
                            <bind_vertex_input semantic="UVSET0" input_semantic="TEXCOORD" input_set="0" />
                        </instance_material>
                        <instance_material symbol="Material4" target="#ID31">
                            <bind_vertex_input semantic="UVSET0" input_semantic="TEXCOORD" input_set="0" />
                        </instance_material>
                    </technique_common>
                </bind_material>
            </instance_geometry>
            <instance_geometry url="#ID35">
                <bind_material>
                    <technique_common>
                        <instance_material symbol="Material2" target="#ID36">
                            <bind_vertex_input semantic="UVSET0" input_semantic="TEXCOORD" input_set="0" />
                        </instance_material>
                        <instance_material symbol="Material3" target="#ID31">
                            <bind_vertex_input semantic="UVSET0" input_semantic="TEXCOORD" input_set="0" />
                        </instance_material>
                    </technique_common>
                </bind_material>
            </instance_geometry>
            <instance_geometry url="#ID48">
                <bind_material>
                    <technique_common>
                        <instance_material symbol="Material2" target="#ID36">
                            <bind_vertex_input semantic="UVSET0" input_semantic="TEXCOORD" input_set="0" />
                        </instance_material>
                        <instance_material symbol="Material3" target="#ID31">
                            <bind_vertex_input semantic="UVSET0" input_semantic="TEXCOORD" input_set="0" />
                        </instance_material>
                    </technique_common>
                </bind_material>
            </instance_geometry>
            <instance_geometry url="#ID56">
                <bind_material>
                    <technique_common>
                        <instance_material symbol="Material2" target="#ID36">
                            <bind_vertex_input semantic="UVSET0" input_semantic="TEXCOORD" input_set="0" />
                        </instance_material>
                        <instance_material symbol="Material3" target="#ID31">
                            <bind_vertex_input semantic="UVSET0" input_semantic="TEXCOORD" input_set="0" />
                        </instance_material>
                    </technique_common>
                </bind_material>
            </instance_geometry>
            <instance_geometry url="#ID64">
                <bind_material>
                    <technique_common>
                        <instance_material symbol="Material2" target="#ID36">
                            <bind_vertex_input semantic="UVSET0" input_semantic="TEXCOORD" input_set="0" />
                        </instance_material>
                        <instance_material symbol="Material3" target="#ID31">
                            <bind_vertex_input semantic="UVSET0" input_semantic="TEXCOORD" input_set="0" />
                        </instance_material>
                    </technique_common>
                </bind_material>
            </instance_geometry>
        </node>
        <node id="ID89" name="Bol">
            <instance_geometry url="#ID90">
                <bind_material>
                    <technique_common>
                        <instance_material symbol="Material2" target="#ID7">
                            <bind_vertex_input semantic="UVSET0" input_semantic="TEXCOORD" input_set="0" />
                        </instance_material>
                        <instance_material symbol="Material3" target="#ID91">
                            <bind_vertex_input semantic="UVSET0" input_semantic="TEXCOORD" input_set="0" />
                        </instance_material>
                        <instance_material symbol="Material4" target="#ID100">
                            <bind_vertex_input semantic="UVSET0" input_semantic="TEXCOORD" input_set="0" />
                        </instance_material>
                    </technique_common>
                </bind_material>
            </instance_geometry>
            <instance_geometry url="#ID105">
                <bind_material>
                    <technique_common>
                        <instance_material symbol="Material2" target="#ID36">
                            <bind_vertex_input semantic="UVSET0" input_semantic="TEXCOORD" input_set="0" />
                        </instance_material>
                        <instance_material symbol="Material3" target="#ID100">
                            <bind_vertex_input semantic="UVSET0" input_semantic="TEXCOORD" input_set="0" />
                        </instance_material>
                    </technique_common>
                </bind_material>
            </instance_geometry>
            <instance_geometry url="#ID113">
                <bind_material>
                    <technique_common>
                        <instance_material symbol="Material2" target="#ID36">
                            <bind_vertex_input semantic="UVSET0" input_semantic="TEXCOORD" input_set="0" />
                        </instance_material>
                        <instance_material symbol="Material3" target="#ID100">
                            <bind_vertex_input semantic="UVSET0" input_semantic="TEXCOORD" input_set="0" />
                        </instance_material>
                    </technique_common>
                </bind_material>
            </instance_geometry>
            <instance_geometry url="#ID121">
                <bind_material>
                    <technique_common>
                        <instance_material symbol="Material2" target="#ID36">
                            <bind_vertex_input semantic="UVSET0" input_semantic="TEXCOORD" input_set="0" />
                        </instance_material>
                        <instance_material symbol="Material3" target="#ID100">
                            <bind_vertex_input semantic="UVSET0" input_semantic="TEXCOORD" input_set="0" />
                        </instance_material>
                    </technique_common>
                </bind_material>
            </instance_geometry>
            <instance_geometry url="#ID129">
                <bind_material>
                    <technique_common>
                        <instance_material symbol="Material2" target="#ID36">
                            <bind_vertex_input semantic="UVSET0" input_semantic="TEXCOORD" input_set="0" />
                        </instance_material>
                        <instance_material symbol="Material3" target="#ID100">
                            <bind_vertex_input semantic="UVSET0" input_semantic="TEXCOORD" input_set="0" />
                        </instance_material>
                    </technique_common>
                </bind_material>
            </instance_geometry>
        </node>
        <node id="ID144" name="Bipod">
            <instance_geometry url="#ID145">
                <bind_material>
                    <technique_common>
                        <instance_material symbol="Material2" target="#ID7">
                            <bind_vertex_input semantic="UVSET0" input_semantic="TEXCOORD" input_set="0" />
                        </instance_material>
                        <instance_material symbol="Material3" target="#ID13">
                            <bind_vertex_input semantic="UVSET0" input_semantic="TEXCOORD" input_set="0" />
                        </instance_material>
                        <instance_material symbol="Material4" target="#ID14">
                            <bind_vertex_input semantic="UVSET0" input_semantic="TEXCOORD" input_set="0" />
                        </instance_material>
                    </technique_common>
                </bind_material>
            </instance_geometry>
            <instance_geometry url="#ID151">
                <bind_material>
                    <technique_common>
                        <instance_material symbol="Material2" target="#ID7">
                            <bind_vertex_input semantic="UVSET0" input_semantic="TEXCOORD" input_set="0" />
                        </instance_material>
                        <instance_material symbol="Material3" target="#ID13">
                            <bind_vertex_input semantic="UVSET0" input_semantic="TEXCOORD" input_set="0" />
                        </instance_material>
                        <instance_material symbol="Material4" target="#ID14">
                            <bind_vertex_input semantic="UVSET0" input_semantic="TEXCOORD" input_set="0" />
                        </instance_material>
                    </technique_common>
                </bind_material>
            </instance_geometry>
            <instance_geometry url="#ID157">
                <bind_material>
                    <technique_common>
                        <instance_material symbol="Material2" target="#ID7">
                            <bind_vertex_input semantic="UVSET0" input_semantic="TEXCOORD" input_set="0" />
                        </instance_material>
                        <instance_material symbol="Material3" target="#ID13">
                            <bind_vertex_input semantic="UVSET0" input_semantic="TEXCOORD" input_set="0" />
                        </instance_material>
                        <instance_material symbol="Material4" target="#ID14">
                            <bind_vertex_input semantic="UVSET0" input_semantic="TEXCOORD" input_set="0" />
                        </instance_material>
                    </technique_common>
                </bind_material>
            </instance_geometry>
        </node>
        <node id="ID166" name="Base">
            <instance_geometry url="#ID167">
                <bind_material>
                    <technique_common>
                        <instance_material symbol="Material2" target="#ID13">
                            <bind_vertex_input semantic="UVSET0" input_semantic="TEXCOORD" input_set="0" />
                        </instance_material>
                        <instance_material symbol="Material3" target="#ID27">
                            <bind_vertex_input semantic="UVSET0" input_semantic="TEXCOORD" input_set="0" />
                        </instance_material>
                        <instance_material symbol="Material4" target="#ID31">
                            <bind_vertex_input semantic="UVSET0" input_semantic="TEXCOORD" input_set="0" />
                        </instance_material>
                    </technique_common>
                </bind_material>
            </instance_geometry>
            <instance_geometry url="#ID173">
                <bind_material>
                    <technique_common>
                        <instance_material symbol="Material2" target="#ID174">
                            <bind_vertex_input semantic="UVSET0" input_semantic="TEXCOORD" input_set="0" />
                        </instance_material>
                        <instance_material symbol="Material3" target="#ID31">
                            <bind_vertex_input semantic="UVSET0" input_semantic="TEXCOORD" input_set="0" />
                        </instance_material>
                    </technique_common>
                </bind_material>
            </instance_geometry>
            <instance_geometry url="#ID181">
                <bind_material>
                    <technique_common>
                        <instance_material symbol="Material2" target="#ID13">
                            <bind_vertex_input semantic="UVSET0" input_semantic="TEXCOORD" input_set="0" />
                        </instance_material>
                        <instance_material symbol="Material3" target="#ID27">
                            <bind_vertex_input semantic="UVSET0" input_semantic="TEXCOORD" input_set="0" />
                        </instance_material>
                        <instance_material symbol="Material4" target="#ID31">
                            <bind_vertex_input semantic="UVSET0" input_semantic="TEXCOORD" input_set="0" />
                        </instance_material>
                    </technique_common>
                </bind_material>
            </instance_geometry>
            <instance_geometry url="#ID187">
                <bind_material>
                    <technique_common>
                        <instance_material symbol="Material2" target="#ID188">
                            <bind_vertex_input semantic="UVSET0" input_semantic="TEXCOORD" input_set="0" />
                        </instance_material>
                        <instance_material symbol="Material3" target="#ID31">
                            <bind_vertex_input semantic="UVSET0" input_semantic="TEXCOORD" input_set="0" />
                        </instance_material>
                    </technique_common>
                </bind_material>
            </instance_geometry>
            <instance_geometry url="#ID200">
                <bind_material>
                    <technique_common>
                        <instance_material symbol="Material2" target="#ID31">
                            <bind_vertex_input semantic="UVSET0" input_semantic="TEXCOORD" input_set="0" />
                        </instance_material>
                    </technique_common>
                </bind_material>
            </instance_geometry>
        </node>
    </library_nodes>
    <library_geometries>
        <geometry id="ID6">
            <mesh>
                <source id="ID9">
                    <float_array id="ID16" count="432">32.4 120.9184 1201.2 48.02853 127.392 296.4 32.4 120.9184 296.4 48.02853 127.392 1201.2 48.02853 127.392 1201.2 32.4 120.9184 1201.2 48.02853 127.392 296.4 32.4 120.9184 296.4 32.4 120.9184 296.4 48.02853 127.392 296.4 32.4 120.9184 1201.2 48.02853 127.392 1201.2 18.97948 110.6205 296.4 18.97948 110.6205 1201.2 18.97948 110.6205 1201.2 18.97948 110.6205 296.4 18.97948 110.6205 296.4 18.97948 110.6205 1201.2 64.8 129.6 1201.2 64.8 129.6 296.4 64.8 129.6 1201.2 64.8 129.6 296.4 64.8 129.6 296.4 64.8 129.6 1201.2 8.681554 97.2 1201.2 8.681554 97.2 296.4 8.681554 97.2 1201.2 8.681554 97.2 296.4 8.681554 97.2 296.4 8.681554 97.2 1201.2 81.57147 127.392 1201.2 81.57147 127.392 296.4 81.57147 127.392 1201.2 81.57147 127.392 296.4 81.57147 127.392 296.4 81.57147 127.392 1201.2 2.208006 81.57147 296.4 2.208006 81.57147 1201.2 2.208006 81.57147 296.4 2.208006 81.57147 1201.2 2.208006 81.57147 296.4 2.208006 81.57147 1201.2 97.2 120.9184 296.4 97.2 120.9184 1201.2 97.2 120.9184 1201.2 97.2 120.9184 296.4 97.2 120.9184 296.4 97.2 120.9184 1201.2 -2.273737e-013 64.8 296.4 -2.273737e-013 64.8 1201.2 -2.273737e-013 64.8 296.4 -2.273737e-013 64.8 1201.2 -2.273737e-013 64.8 296.4 -2.273737e-013 64.8 1201.2 110.6205 110.6205 296.4 110.6205 110.6205 1201.2 110.6205 110.6205 1201.2 110.6205 110.6205 296.4 110.6205 110.6205 296.4 110.6205 110.6205 1201.2 2.208006 48.02853 296.4 2.208006 48.02853 1201.2 2.208006 48.02853 296.4 2.208006 48.02853 1201.2 2.208006 48.02853 296.4 2.208006 48.02853 1201.2 120.9184 97.2 1201.2 120.9184 97.2 296.4 120.9184 97.2 1201.2 120.9184 97.2 296.4 120.9184 97.2 296.4 120.9184 97.2 1201.2 8.681554 32.4 1201.2 8.681554 32.4 296.4 8.681554 32.4 1201.2 8.681554 32.4 296.4 8.681554 32.4 296.4 8.681554 32.4 1201.2 127.392 81.57147 296.4 127.392 81.57147 1201.2 127.392 81.57147 296.4 127.392 81.57147 1201.2 127.392 81.57147 296.4 127.392 81.57147 1201.2 18.97948 18.97948 1201.2 18.97948 18.97948 296.4 18.97948 18.97948 1201.2 18.97948 18.97948 296.4 18.97948 18.97948 296.4 18.97948 18.97948 1201.2 129.6 64.8 296.4 129.6 64.8 1201.2 129.6 64.8 296.4 129.6 64.8 1201.2 129.6 64.8 296.4 129.6 64.8 1201.2 32.4 8.681554 1201.2 32.4 8.681554 296.4 32.4 8.681554 1201.2 32.4 8.681554 296.4 32.4 8.681554 296.4 32.4 8.681554 1201.2 127.392 48.02853 296.4 127.392 48.02853 1201.2 127.392 48.02853 296.4 127.392 48.02853 1201.2 127.392 48.02853 296.4 127.392 48.02853 1201.2 48.02853 2.208006 296.4 48.02853 2.208006 1201.2 48.02853 2.208006 1201.2 48.02853 2.208006 296.4 48.02853 2.208006 296.4 48.02853 2.208006 1201.2 120.9184 32.4 1201.2 120.9184 32.4 296.4 120.9184 32.4 1201.2 120.9184 32.4 296.4 120.9184 32.4 296.4 120.9184 32.4 1201.2 64.8 5.115908e-013 296.4 64.8 5.684342e-014 1201.2 64.8 5.684342e-014 1201.2 64.8 5.115908e-013 296.4 64.8 5.115908e-013 296.4 64.8 5.684342e-014 1201.2 110.6205 18.97948 1201.2 110.6205 18.97948 296.4 110.6205 18.97948 1201.2 110.6205 18.97948 296.4 110.6205 18.97948 296.4 110.6205 18.97948 1201.2 81.57147 2.208006 1201.2 81.57147 2.208006 296.4 81.57147 2.208006 1201.2 81.57147 2.208006 296.4 81.57147 2.208006 296.4 81.57147 2.208006 1201.2 97.2 8.681554 296.4 97.2 8.681554 1201.2 97.2 8.681554 1201.2 97.2 8.681554 296.4 97.2 8.681554 296.4 97.2 8.681554 1201.2</float_array>
                    <technique_common>
                        <accessor count="144" source="#ID16" stride="3">
                            <param name="X" type="float" />
                            <param name="Y" type="float" />
                            <param name="Z" type="float" />
                        </accessor>
                    </technique_common>
                </source>
                <source id="ID10">
                    <float_array id="ID17" count="432">-0.5 0.8660254 -9.798277e-017 -0.258819 0.9659258 -8.398523e-017 -0.5 0.8660254 -9.798277e-017 -0.258819 0.9659258 -8.398523e-017 0.258819 -0.9659258 8.398523e-017 0.5 -0.8660254 9.798277e-017 0.258819 -0.9659258 8.398523e-017 0.5 -0.8660254 9.798277e-017 0 0 0 0 0 0 0 0 0 0 0 0 -0.7071068 0.7071068 1.119803e-016 -0.7071068 0.7071068 1.119803e-016 0.7071068 -0.7071068 -1.119803e-016 0.7071068 -0.7071068 -1.119803e-016 0 0 0 0 0 0 2.013911e-015 1 -2.099631e-017 1.452511e-015 1 -2.099631e-017 -2.013911e-015 -1 2.099631e-017 -1.452511e-015 -1 2.099631e-017 0 0 0 0 0 0 -0.8660254 0.5 8.398523e-017 -0.8660254 0.5 8.398523e-017 0.8660254 -0.5 -8.398523e-017 0.8660254 -0.5 -8.398523e-017 0 0 0 0 0 0 0.258819 0.9659258 6.998769e-018 0.258819 0.9659258 6.998769e-018 -0.258819 -0.9659258 -6.998769e-018 -0.258819 -0.9659258 -6.998769e-018 0 0 0 0 0 0 -0.9659258 0.258819 5.599015e-017 -0.9659258 0.258819 5.599015e-017 0.9659258 -0.258819 -5.599015e-017 0.9659258 -0.258819 -5.599015e-017 0 0 0 0 0 0 0.5 0.8660254 4.199262e-017 0.5 0.8660254 4.199262e-017 -0.5 -0.8660254 -4.199262e-017 -0.5 -0.8660254 -4.199262e-017 0 0 0 0 0 0 -1 1.505978e-015 2.239606e-016 -1 1.104978e-015 2.239606e-016 1 -1.505978e-015 -2.239606e-016 1 -1.104978e-015 -2.239606e-016 0 0 0 0 0 0 0.7071068 0.7071068 -1.119803e-016 0.7071068 0.7071068 -1.119803e-016 -0.7071068 -0.7071068 1.119803e-016 -0.7071068 -0.7071068 1.119803e-016 0 0 0 0 0 0 -0.9659258 -0.258819 2.519557e-016 -0.9659258 -0.258819 2.519557e-016 0.9659258 0.258819 -2.519557e-016 0.9659258 0.258819 -2.519557e-016 0 0 0 0 0 0 0.8660254 0.5 -1.679705e-016 0.8660254 0.5 -1.679705e-016 -0.8660254 -0.5 1.679705e-016 -0.8660254 -0.5 1.679705e-016 0 0 0 0 0 0 -0.8660254 -0.5 1.399754e-016 -0.8660254 -0.5 1.399754e-016 0.8660254 0.5 -1.399754e-016 0.8660254 0.5 -1.399754e-016 0 0 0 0 0 0 0.9659258 0.258819 -1.399754e-016 0.9659258 0.258819 -1.399754e-016 -0.9659258 -0.258819 1.399754e-016 -0.9659258 -0.258819 1.399754e-016 0 0 0 0 0 0 -0.7071068 -0.7071068 2.799508e-017 -0.7071068 -0.7071068 2.799508e-017 0.7071068 0.7071068 -2.799508e-017 0.7071068 0.7071068 -2.799508e-017 0 0 0 0 0 0 1 -4.90111e-016 -1.399754e-016 1 1.069333e-015 -1.399754e-016 -1 4.90111e-016 1.399754e-016 -1 -1.069333e-015 1.399754e-016 0 0 0 0 0 0 -0.5 -0.8660254 4.199262e-017 -0.5 -0.8660254 4.199262e-017 0.5 0.8660254 -4.199262e-017 0.5 0.8660254 -4.199262e-017 0 0 0 0 0 0 0.9659258 -0.258819 -2.519557e-016 0.9659258 -0.258819 -2.519557e-016 -0.9659258 0.258819 2.519557e-016 -0.9659258 0.258819 2.519557e-016 0 0 0 0 0 0 -0.258819 -0.9659258 7.698646e-017 -0.258819 -0.9659258 7.698646e-017 0.258819 0.9659258 -7.698646e-017 0.258819 0.9659258 -7.698646e-017 0 0 0 0 0 0 0.8660254 -0.5 -3.079459e-016 0.8660254 -0.5 -3.079459e-016 -0.8660254 0.5 3.079459e-016 -0.8660254 0.5 3.079459e-016 0 0 0 0 0 0 7.039777e-016 -1 1.259778e-016 -1.461422e-015 -1 1.259778e-016 1.461422e-015 1 -1.259778e-016 -7.039777e-016 1 -1.259778e-016 0 0 0 0 0 0 0.7071068 -0.7071068 -8.398523e-017 0.7071068 -0.7071068 -8.398523e-017 -0.7071068 0.7071068 8.398523e-017 -0.7071068 0.7071068 8.398523e-017 0 0 0 0 0 0 0.258819 -0.9659258 2.099631e-017 0.258819 -0.9659258 2.099631e-017 -0.258819 0.9659258 -2.099631e-017 -0.258819 0.9659258 -2.099631e-017 0 0 0 0 0 0 0.5 -0.8660254 -4.199262e-017 0.5 -0.8660254 -4.199262e-017 -0.5 0.8660254 4.199262e-017 -0.5 0.8660254 4.199262e-017 0 0 0 0 0 0</float_array>
                    <technique_common>
                        <accessor count="144" source="#ID17" stride="3">
                            <param name="X" type="float" />
                            <param name="Y" type="float" />
                            <param name="Z" type="float" />
                        </accessor>
                    </technique_common>
                </source>
                <vertices id="ID11">
                    <input semantic="POSITION" source="#ID9" />
                    <input semantic="NORMAL" source="#ID10" />
                </vertices>
                <triangles count="48" material="Material2">
                    <input offset="0" semantic="VERTEX" source="#ID11" />
                    <p>0 1 2 1 0 3 12 0 2 0 12 13 1 18 19 18 1 3 24 12 25 12 24 13 19 30 31 30 19 18 24 36 37 36 24 25 30 42 31 42 30 43 37 48 49 48 37 36 43 54 42 54 43 55 49 60 61 60 49 48 54 66 67 66 54 55 72 60 73 60 72 61 78 66 79 66 78 67 84 73 85 73 84 72 90 79 91 79 90 78 96 85 97 85 96 84 102 91 103 91 102 90 108 96 97 96 108 109 102 114 115 114 102 103 120 109 108 109 120 121 115 126 127 126 115 114 132 120 133 120 132 121 126 138 127 138 126 139 138 132 133 132 138 139</p>
                </triangles>
                <triangles count="48" material="Material3">
                    <input offset="0" semantic="VERTEX" source="#ID11" />
                    <p>4 5 6 7 6 5 14 15 5 7 5 15 4 6 20 21 20 6 14 26 15 27 15 26 20 21 32 33 32 21 27 26 38 39 38 26 44 32 45 33 45 32 38 39 50 51 50 39 56 44 57 45 57 44 50 51 62 63 62 51 56 57 68 69 68 57 63 74 62 75 62 74 69 80 68 81 68 80 74 86 75 87 75 86 80 92 81 93 81 92 86 98 87 99 87 98 92 104 93 105 93 104 110 111 98 99 98 111 105 104 116 117 116 104 122 123 110 111 110 123 116 117 128 129 128 117 122 134 123 135 123 134 140 128 141 129 141 128 140 141 134 135 134 141</p>
                </triangles>
                <lines count="72" material="Material4">
                    <input offset="0" semantic="VERTEX" source="#ID11" />
                    <p>8 9 10 11 16 8 17 10 9 22 11 23 28 16 29 17 22 34 23 35 40 28 41 29 34 46 35 47 52 40 53 41 46 58 47 59 64 52 65 53 58 70 59 71 76 64 77 65 70 82 71 83 88 76 89 77 82 94 83 95 100 88 101 89 94 106 95 107 112 100 113 101 106 118 107 119 124 112 125 113 118 130 119 131 136 124 137 125 130 142 131 143 142 136 143 137</p>
                </lines>
            </mesh>
        </geometry>
        <geometry id="ID25">
            <mesh>
                <source id="ID28">
